Initial data
x_reel : [0.22962907420878298 0.028520104872161833; 0.8603473863832395 0.5357858493463005; 0.4322944608570607 0.03771720264773937]
Q : [0.0 0.6551241248290973 0.04115784555278944; 0.6551241248290973 0.0 0.4313016838756565; 0.04115784555278944 0.4313016838756565 0.0]
Valeur de l'objectif : 9.488171748191593e-18
Positions optimisées :
x_opt = [0.9516109963758145 6.708074947532645; 1.573660474060494 7.225934556286599; 1.154091867213077 6.720698107354125]

==================================================

Initial data
x_reel : [0.22962907420878298 0.028520104872161833; 0.8603473863832395 0.5357858493463005; 0.4322944608570607 0.03771720264773937]
Q : [0.0 0.6551241248290973 0.04115784555278944; 0.6551241248290973 0.0 0.4313016838756565; 0.04115784555278944 0.4313016838756565 0.0]
Valeur de l'objectif : 9.488171748191593e-18
Positions optimisées :
x_opt = [0.9516109963758145 6.708074947532645; 1.573660474060494 7.225934556286599; 1.154091867213077 6.720698107354125]

==================================================

Initial data
x_reel : [0.22962907420878298 0.028520104872161833; 0.8603473863832395 0.5357858493463005; 0.4322944608570607 0.03771720264773937]
Q : [0.0 0.6551241248290973 0.04115784555278944; 0.6551241248290973 0.0 0.4313016838756565; 0.04115784555278944 0.4313016838756565 0.0]
Valeur de l'objectif : 9.488171748191593e-18
Positions optimisées :
x_opt = [0.9516109963758145 6.708074947532645; 1.573660474060494 7.225934556286599; 1.154091867213077 6.720698107354125]

==================================================

Initial data
x_reel : [0.22962907420878298 0.028520104872161833; 0.8603473863832395 0.5357858493463005; 0.4322944608570607 0.03771720264773937]
Q : [0.0 0.6551241248290973 0.04115784555278944; 0.6551241248290973 0.0 0.4313016838756565; 0.04115784555278944 0.4313016838756565 0.0]
Valeur de l'objectif : 9.488171748191593e-18
Positions optimisées :
x_opt = [0.9516109963758145 6.708074947532645; 1.573660474060494 7.225934556286599; 1.154091867213077 6.720698107354125]

==================================================

Initial data
x_reel : [0.36769218675345106 0.15583398017537808; 0.9849909490282588 0.9484468757562865; 0.585081092899948 0.7823628297738969; 0.6864409835551305 0.19087178452988973]
Q : [0.0 1.0092929641471615 0.43979633589481393 0.10282844319650337; 1.0092929641471615 0.0 0.18751180335844672 0.6630521007306895; 0.43979633589481393 0.18751180335844672 0.0 0.3601354840374787; 0.10282844319650337 0.6630521007306895 0.3601354840374787 0.0]
Valeur de l'objectif : 1.220886748876369e-19
Positions optimisées :
x_opt = [26.39230647900985 6.972024959212914; 26.783374610637605 7.897421458436343; 26.833340834826817 7.467287549176446; 26.267493667481034 7.267406416231682]

==================================================

Initial data
x_reel : [0.22962907420878298 0.028520104872161833; 0.8603473863832395 0.5357858493463005; 0.4322944608570607 0.03771720264773937]
Q : [0.0 0.6551241248290973 0.04115784555278944; 0.6551241248290973 0.0 0.4313016838756565; 0.04115784555278944 0.4313016838756565 0.0]
Valeur de l'objectif : 9.488171748191593e-18
Positions optimisées :
x_opt = [0.9516109963758145 6.708074947532645; 1.573660474060494 7.225934556286599; 1.154091867213077 6.720698107354125]

==================================================

