Initial data
x_reel : [1.0884245939837256 9.310582938270935, 7.189031628453905 3.339925249752058, 5.826662196960152 6.279718282469421]
Q : [0.0 72.86615942249662 31.637036144046615, 72.86615942249662 0.0 10.498433543082161, 31.637036144046615 10.498433543082161 0.0]
Results
Valeur de l'objectif : 1.7226816658208763e-19
Positions optimisées :
x_opt = [5.830613532253702 1149.1264854591416, 11.670981197306181 1155.3519384514393, 8.760643084383997 1153.927731439891]

==================================================

Initial data
x_reel : [1.997237955523432 3.2741035779907914, 9.387028493780337 1.0710782500506577, 0.9896402391628478 6.817868303960431]
Q : [0.0 59.462324794857004 13.573521591041738, 59.462324794857004 0.0 103.54172542250406, 13.573521591041738 103.54172542250406 0.0]
Results
Valeur de l'objectif : 1.0095027761643503e-13
Positions optimisées :
x_opt = [3700.8372554725133 58507.4767466893, 3704.6165399516144 58514.19830410286, 3697.158507317029 58507.275914723476]

==================================================

Initial data
x_reel : [0.053234158124915165 4.8455860361254555, 2.179254251299497 5.685111177576858, 0.3835253962669949 6.338899838185826]
Q : [0.0 5.224763899711055 2.339078413417428, 5.224763899711055 0.0 3.6520817335372096, 2.339078413417428 3.6520817335372096 0.0]
Results
Valeur de l'objectif : 6.5844986151477575e-18
Positions optimisées :
x_opt = [425.54737647244195 4996.585991396992, 424.0969595684655 4994.819340693661, 425.9841573358511 4995.120283074123]

==================================================

Initial data
x_reel : [5.235836871421063 5.000397542911664, 2.3743863578484516 1.2224488033884429, 7.9939724910035626 5.160404755403546]
Q : [0.0 22.460795720090054 7.63291440405916, 22.460795720090054 0.0 47.08724538796039, 7.63291440405916 47.08724538796039 0.0]
Results
Valeur de l'objectif : 1.6593616405326317e-16
Positions optimisées :
x_opt = [983.8540682956412 6150.394704910193, 986.2856393233587 6154.462659931774, 981.1299240464479 6149.9343218949325]

==================================================

Initial data
x_reel : [0.4390573916668439 3.7327385877671992, 1.6875916372488897 2.1233856875686072, 2.9815188190982465 5.391204366107662]
Q : [0.0 4.148854519768747 9.214618847902962, 4.148854519768747 0.0 12.352886467737349, 9.214618847902962 12.352886467737349 0.0]
Results
Valeur de l'objectif : 2.3694145369861616e-22
Positions optimisées :
x_opt = [278.067963868378 73.72474814643579, 280.0173443182846 73.13418029995715, 277.4281998566736 70.75737205681865]

==================================================

Initial data
x_reel : [2.0068449194554736 4.467209344364676, 4.953250900159673 1.4005859504692997, 2.282183315435132 2.5298769486305552]
Q : [0.0 18.08548724311587 3.8290680438615583, 18.08548724311587 0.0 8.409900200694237, 3.8290680438615583 8.409900200694237 0.0]
Results
Valeur de l'objectif : 6.062807069889202e-18
Positions optimisées :
x_opt = [1817.8412221561016 3229.7273230207275, 1820.9250389766867 3232.655728911211, 1819.7801329808938 3229.9913170698815]

==================================================

Initial data
x_reel : [2.1765163420189504 8.213903539991813, 3.813190512155126 3.628492234569892, 7.497731475020669 8.420199446935348]
Q : [0.0 23.704699179082105 28.357888492908156, 23.704699179082105 0.0 36.53630011606927, 28.357888492908156 36.53630011606927 0.0]
Results
Valeur de l'objectif : 3.3024723557471426e-20
Positions optimisées :
x_opt = [685.2580795261081 753.6458024977846, 686.0218317972824 748.8373327154704, 690.5261960309788 752.8680898361829]

==================================================

Initial data
x_reel : [6.509470164532405 4.550231125814987, 8.901060770272453 5.635733208421233, 9.012366335661435 0.6446166175540569]
Q : [0.0 6.898020396806548 21.518313930590626, 6.898020396806548 0.0 24.923633752516146, 21.518313930590626 24.923633752516146 0.0]
Results
Valeur de l'objectif : 1.3452656287094968e-20
Positions optimisées :
x_opt = [201.18249783492797 176.09557520761726, 198.78875333399446 177.17631923890139, 202.4655887283655 180.5533764245628]

==================================================

Initial data
x_reel : [0.38759208823662683 1.4320127409684336, 8.571490584724675 0.4779210464484218, 4.481719351077268 7.840440972139378]
Q : [0.0 67.8864855623714 57.82983043840376, 67.8864855623714 0.0 70.93292839976618, 57.82983043840376 70.93292839976618 0.0]
Results
Valeur de l'objectif : 1.6602197479503335e-22
Positions optimisées :
x_opt = [126.79251106081607 155.65166258164942, 127.16936291607631 163.88236536097324, 120.11231892328256 159.2855122543858]

==================================================

Initial data
x_reel : [5.445063758191243 3.2634072801798486, 5.152420676963589 1.1466885294177076, 6.726886144121442 0.1883475312477223]
Q : [0.0 4.566138242818454 11.0990610885743, 4.566138242818454 0.0 3.3973589760460396, 11.0990610885743 3.3973589760460396 0.0]
Results
Valeur de l'objectif : 1.2842575449758354e-18
Positions optimisées :
x_opt = [4093.4243834549247 119.7225576457952, 4091.327989270442 119.30871025164983, 4090.935667550886 117.50775421495015]

==================================================

Initial data
x_reel : [0.7733342942588028 0.37733163997068053, 9.76178696003954 1.7561119489862487, 8.490827313498032 3.417661170722699, 9.973482742125277 0.2847947032321396]
Q : [0.0 82.69331646550991 68.80330215756902 84.65129454744086, 82.69331646550991 0.0 4.376084239389918 2.2095895418063494, 68.80330215756902 4.376084239389918 0.0 12.013119423164614, 84.65129454744086 2.2095895418063494 12.013119423164614 0.0]
Results
Valeur de l'objectif : 8.167876005530113e-21
Positions optimisées :
x_opt = [110.45191817378371 469.2193459926335, 118.01673597379092 474.2658148688067, 118.19959515116474 472.1819130571447, 117.18034984948368 475.4946548880479]

==================================================

Initial data
x_reel : [7.176913644082217 5.312618750166482, 9.942485323427098 6.557877114250086, 0.4944064485197963 1.3286426978199173, 7.455649024452614 9.790888592736355]
Q : [0.0 9.19905510691464 60.52796760441445 20.13259419514102, 9.19905510691464 0.0 116.61108700844737 16.636717997921075, 60.52796760441445 116.61108700844737 0.0 120.06850378700989, 20.13259419514102 16.636717997921075 120.06850378700989 0.0]
Results
Valeur de l'objectif : 1.6797298792500996e-16
Positions optimisées :
x_opt = [7913.986588697532 44.52652229931848, 7914.850329481162 47.43392783776458, 7910.933261389912 37.370744217475995, 7918.387210244138 45.402378563079616]

==================================================

Initial data
x_reel : [8.930704285666835 4.556824424444873, 9.59967049213642 7.365840175467419, 5.5900572499986705 0.8647560503593121, 1.9291101979027592 7.945901139275477]
Q : [0.0 8.338085274891066 24.79129149584129 60.50816074881986, 8.338085274891066 0.0 58.34109315325904 59.173965949207926, 24.79129149584129 58.34109315325904 0.0 63.54514908853126, 60.50816074881986 59.173965949207926 63.54514908853126 0.0]
Results
Valeur de l'objectif : 1.3592499285753655e-15
Positions optimisées :
x_opt = [22654.419429493544 382.4747149175085, 22651.55445819707 382.8353043788046, 22658.45180421329 379.5538853084271, 22651.80913623783 375.1470597769245]

==================================================

Initial data
x_reel : [9.893098620889747 8.547891256959474, 3.515763248212079 2.718850735572984, 2.4407992739915088 8.263511544495302, 5.254185391670267 2.5724728739671745]
Q : [0.0 74.6481198555715 55.61763737664111 57.225140800029806, 74.6481198555715 0.0 31.898811031871176 3.0435380272340513, 55.61763737664111 31.898811031871176 0.0 40.30306259659412, 57.225140800029806 3.0435380272340513 40.30306259659412 0.0]
Results
Valeur de l'objectif : 2.0866851826760127e-16
Positions optimisées :
x_opt = [412.5815935567334 6632.87347349959, 406.99450006234866 6626.283139203369, 412.57540068388244 6625.415752733802, 406.78337669606844 6628.014891192149]

==================================================

Initial data
x_reel : [8.131332248139012 1.341315753540272, 9.72504593774159 8.083396614100598, 5.608985200489956 5.374489998699538, 2.7958237710981173 7.896259555459783]
Q : [0.0 47.99557765476054 22.628729120599925 71.43493895489826, 47.99557765476054 0.0 24.280131043708103 48.04914011342001, 22.628729120599925 24.280131043708103 0.0 14.273198925220694, 71.43493895489826 48.04914011342001 14.273198925220694 0.0]
Results
Valeur de l'objectif : 1.6401881916244593e-20
Positions optimisées :
x_opt = [26.54872171232417 122.0029163696127, 26.72939729376348 115.07738866487455, 30.01730432907417 118.74751105669037, 33.38113097313383 117.02766535606808]

==================================================

Initial data
x_reel : [2.67181673230096 0.8353977971630211, 8.913085644132003 9.128707279252247, 0.31695136059025963 1.0878268586532192, 9.373696482190379 7.7810241428476825]
Q : [0.0 107.73241979549974 5.609111349966998 93.15691751584671, 107.73241979549974 0.0 138.54928255905452 2.028412180286082, 5.609111349966998 138.54928255905452 0.0 126.8235220827757, 93.15691751584671 2.028412180286082 126.8235220827757 0.0]
Results
Valeur de l'objectif : 3.5883884086088266e-20
Positions optimisées :
x_opt = [26.218389249116534 584.9125199541108, 19.076993755459686 577.3803960704486, 25.578312620637448 587.1927421493621, 20.482464675003293 577.1500405308824]

==================================================

Initial data
x_reel : [0.7542652049078691 2.4846527514342975, 2.1723763145156907 7.207539446615739, 3.8198022874867608 1.7806369644963227, 6.788493346408046 6.44382745936533]
Q : [0.0 24.316697854715006 9.893155832924199 52.086973631593466, 24.316697854715006 0.0 32.16528288685356 21.891792451596658, 9.893155832924199 32.16528288685356 0.0 30.558472194755847, 52.086973631593466 21.891792451596658 30.558472194755847 0.0]
Results
Valeur de l'objectif : 3.536612630635635e-21
Positions optimisées :
x_opt = [203.2354408405117 296.30515566941926, 208.12952806403501 296.90898354494607, 203.05687948368796 299.44542184838883, 208.1528310074001 301.5877920924753]

==================================================

Initial data
x_reel : [4.185052470986774 4.011046677613055, 1.033981428321601 6.666815824632238, 7.925866026862504 7.428240891678033, 4.214646468109895 9.63741492098947]
Q : [0.0 16.98235847818198 25.670902356462793 31.656895414740323, 16.98235847818198 0.0 48.077841452331 18.94108908660987, 25.670902356462793 48.077841452331 0.0 18.653600505052037, 31.656895414740323 18.94108908660987 18.653600505052037 0.0]
Results
Valeur de l'objectif : 4.861667086254229e-22
Positions optimisées :
x_opt = [24.805995085064758 27.66074053375624, 25.175748645610312 23.55639639825129, 29.750393566153384 28.76700723608002, 29.433111615582447 24.45969569999472]

==================================================

Initial data
x_reel : [8.401845026357 9.35228581991097, 4.862122025782475 3.1707152868351294, 5.637663525681535 0.6473363770474017, 7.4215449737447505 8.612362840110743]
Q : [0.0 50.74145317618784 83.4168441714872 1.5084742091880257, 50.74145317618784 0.0 6.968905740427186 36.16217392062637, 83.4168441714872 6.968905740427186 0.0 66.62387957804344, 1.5084742091880257 36.16217392062637 66.62387957804344 0.0]
Results
Valeur de l'objectif : 3.1707980292647916e-21
Positions optimisées :
x_opt = [232.54231926281568 203.50841340945468, 227.36344355251572 198.61753418854968, 227.37462735811826 195.97768937058353, 231.3896887595472 203.08424701270746]

==================================================

Initial data
x_reel : [4.289508567624695 1.1729681652487334, 1.76944452619894 7.371951737324871, 3.9175897525465797 0.737299428217455, 9.505620651495892 5.321888695000134]
Q : [0.0 44.77812009975694 0.3281308534355388 44.421366833699764, 44.77812009975694 0.0 48.633139176224525 64.05117951912031, 0.3281308534355388 48.633139176224525 0.0 52.24454807271121, 44.421366833699764 64.05117951912031 52.24454807271121 0.0]
Results
Valeur de l'objectif : 1.014277845902303e-22
Positions optimisées :
x_opt = [111.03034889213399 109.27425179871952, 117.38828209969125 111.36106885538757, 110.93857370249543 108.70882437808723, 110.82155134630477 115.93591603662246]

==================================================

Initial data
x_reel : [1.6134376938717865 0.892464022537871, 5.395723302266223 8.964798025811941, 5.427943686503425 8.133147930944594, 6.2949757589395725 7.414165411983273, 1.9208000735645592 4.161675376846543]
Q : [0.0 79.46826068388245 66.97795942928273 64.44938766777271 10.782214511591146, 79.46826068388245 0.0 0.692680033453261 3.2131164839021817 35.145078626374776, 66.97795942928273 0.692680033453261 0.0 1.2686804772048872 28.07265056973197, 64.44938766777271 3.2131164839021817 1.2686804772048872 0.0 29.712104355189688, 10.782214511591146 35.145078626374776 28.07265056973197 29.712104355189688 0.0]
Results
Valeur de l'objectif : 1.1784531367267466e-20
Positions optimisées :
x_opt = [410.2758921925312 111.64768681689335, 403.8024218140445 105.51886621724344, 404.60201558592445 105.74979874722953, 405.5571698374242 105.15283908941235, 407.2691749534734 110.32788912180892]

==================================================

Initial data
x_reel : [4.164934859296877 2.5138415352773755, 4.447398551512078 5.459539335604852, 3.1555688495315612 8.805270908747769, 4.731575722109641 5.3077465022272925, 0.9493743589684112 3.1289262138787888]
Q : [0.0 8.756921268273976 40.600903303035615 8.12698683175661 10.718158493122857, 8.756921268273976 0.0 12.862743738444449 0.1037977285536236 17.66793077478248, 40.600903303035615 12.862743738444449 0.0 14.716474636619749 37.08818322515842, 8.12698683175661 0.1037977285536236 14.716474636619749 0.0 19.052305000266433, 10.718158493122857 17.66793077478248 37.08818322515842 19.052305000266433 0.0]
Results
Valeur de l'objectif : 4.154458736569041e-23
Positions optimisées :
x_opt = [80.39455370643958 65.43758683484191, 82.02961974018672 67.90405806588464, 82.46368720845774 71.46416047612965, 82.20897333314835 67.6364202187007, 77.84643151588472 67.4931236978362]

==================================================

Initial data
x_reel : [3.3994218546126467 2.5032151145083557, 9.859802400276546 1.9654948418609375, 7.814323576567731 8.810785417661425, 7.544361220103396 9.463079741532685, 9.630911570619695 2.3788283953609204]
Q : [0.0 42.0256598864086 59.276800343740476 65.62023797009937 38.84693613660186, 42.0256598864086 0.0 51.04198668538416 61.57504718662742 0.22323563834992505, 59.276800343740476 51.04198668538416 0.0 0.49836755886244083 44.670063076854504, 65.62023797009937 61.57504718662742 0.49836755886244083 0.0 54.54030950097614, 38.84693613660186 0.22323563834992505 44.670063076854504 54.54030950097614 0.0]
Results
Valeur de l'objectif : 1.0468611605411621e-22
Positions optimisées :
x_opt = [120.75341497670593 50.290879388762335, 114.2742217503251 50.077068674275054, 116.6596331999451 56.81144309966967, 116.96189406997058 57.44941325987622, 114.5235064670872 50.47843231031983]

==================================================

Initial data
x_reel : [2.3457546198545187 5.6356494873163765, 8.696088774496292 7.2424081586397815, 2.145588140943823 4.9634810584470905, 3.27913902788651 5.643112873862538, 5.953152101916518 6.939959360174437]
Q : [0.0 42.9084173034828 0.4918770160481104 0.8712621552959678 14.714540838022263, 42.9084173034828 0.0 48.10256727816397 31.901089965206513 7.615176865476135, 0.4918770160481104 48.10256727816397 0.0 1.7468370178134494 18.404009794097096, 0.8712621552959678 31.901089965206513 1.7468370178134494 0.0 8.832156729142932, 14.714540838022263 7.615176865476135 18.404009794097096 8.832156729142932 0.0]
Results
Valeur de l'objectif : 4.156568208607797e-22
Positions optimisées :
x_opt = [205.38180008008044 135.81497688998297, 204.33920060814444 129.34802987886468, 206.03378228509848 136.07342653767205, 205.45637346311665 134.88454636283942, 204.3994831367037 132.1069323567038]

==================================================

Initial data
x_reel : [3.3596478275073185 5.2274196908508275, 8.032396901338933 4.158373332368027, 9.610912323885103 0.015044384919801201, 5.175467748558752 6.931795626190246, 3.9345290575661873 7.090084847049484]
Q : [0.0 22.977444023579544 66.24716413355294 6.202099314651351 3.8000099127905633, 22.977444023579544 0.0 19.658885705978538 15.853915403875375 25.387453270342526, 66.24716413355294 19.658885705978538 0.0 67.51461631440817 82.27752452691757, 6.202099314651351 15.853915403875375 67.51461631440817 0.0 1.564984312242565, 3.8000099127905633 25.387453270342526 82.27752452691757 1.564984312242565 0.0]
Results
Valeur de l'objectif : 1.1525054231717828e-19
Positions optimisées :
x_opt = [888.2940333372517 70.19508036249054, 888.9911502464454 74.9375978414698, 892.9970509742625 76.83803070397924, 886.4517319268979 71.8707965759432, 886.3918243170586 70.6212384978724]

==================================================

Initial data
x_reel : [7.476782011344284 0.12156117556398116, 4.7124426776573545 9.64418864600831, 8.815479831619992 2.847850338798652, 6.388198519324417 2.8830292238028554, 0.46812327652017927 1.6613220426920106]
Q : [0.0 98.32200589262965 9.224764455581733 8.810719800542383 51.49216078916507, 98.32200589262965 0.0 63.025128272843254 48.52143437335887 81.74040638521214, 9.224764455581733 63.025128272843254 0.0 5.892932122969468 71.08621085542954, 8.810719800542383 48.52143437335887 5.892932122969468 0.0 36.539859316841465, 51.49216078916507 81.74040638521214 71.08621085542954 36.539859316841465 0.0]
Results
Valeur de l'objectif : 2.1733496568242985e-14
Positions optimisées :
x_opt = [4454.690652975989 25417.855818085405, 4444.949261868934 25416.004519848397, 4452.867062653489 25415.426974159884, 4451.735704072769 25417.57475438772, 4450.141886275033 25423.405672334382]

==================================================

Initial data
x_reel : [4.098814949492078 0.9196085805011756, 8.688828373570978 2.0905145345296705, 5.281884271368664 3.222621745704962, 7.892229204378969 3.167577338239913, 2.326457577143567 3.901060345591957]
Q : [0.0 22.439243986403888 6.70352265946749 19.443355244948513 12.030305282881056, 22.439243986403888 0.0 12.888934853126223 1.7946345194935667 43.75783828518756, 6.70352265946749 12.888934853126223 0.0 6.816930556085752 9.194825878754912, 19.443355244948513 1.7946345194935667 6.816930556085752 0.0 31.515811128612814, 12.030305282881056 43.75783828518756 9.194825878754912 31.515811128612814 0.0]
Results
Valeur de l'objectif : 3.6738156031162114e-17
Positions optimisées :
x_opt = [3461.176768011371 616.1130041517562, 3464.6736307108235 619.3085002395821, 3463.751331260654 615.838875104882, 3465.137209306551 618.0516273725095, 3462.69739043896 612.9956314249373]

==================================================

Initial data
x_reel : [5.709698062924464 2.349575609396851, 7.009539631659902 7.4519393935004, 3.3836474214296963 4.3589084219151175, 4.216067943523925 1.214334376318974, 2.281288978182773 1.0705361939367397]
Q : [0.0 27.723704289144088 9.447929938260788 3.5197035908606464 13.389930678639905, 27.723704289144088 0.0 22.713934911393885 46.71120042278415 63.078661037508226, 9.447929938260788 22.713934911393885 0.0 10.581269853840524 12.02858604713726, 3.5197035908606464 46.71120042278415 10.581269853840524 0.0 3.764047561983015, 13.389930678639905 63.078661037508226 12.02858604713726 3.764047561983015 0.0]
Results
Valeur de l'objectif : 1.1548359367016688e-20
Positions optimisées :
x_opt = [385.49331143777005 397.3863992155686, 380.4608259340551 395.8379180422671, 383.37233393508905 399.6111204051586, 386.5539441775886 398.93390100299195, 386.60269409115915 400.87340377636264]

==================================================

Initial data
x_reel : [1.2435250260639708 6.6674920874493875, 3.0356997694815036 9.390463497554654, 9.106249100430565 1.1007091405125957, 5.398523595058318 0.11348500479539947, 2.7179607513814297 0.5012756401362062]
Q : [0.0 10.626463611194364 92.81150224793029 60.21902194782371 40.19618598320802, 10.626463611194364 0.0 105.57159647958389 91.64526638583125 79.11861884809876, 92.81150224793029 105.57159647958389 0.0 14.721839917330449 41.16954855197042, 60.21902194782371 91.64526638583125 14.721839917330449 0.0 7.335798735759154, 40.19618598320802 79.11861884809876 41.16954855197042 7.335798735759154 0.0]
Results
Valeur de l'objectif : 3.888083960003449e-14
Positions optimisées :
x_opt = [2380.713100388895 24763.681132071033, 2379.662627306809 24766.767063030802, 2371.7038676680945 24760.268621558473, 2375.0445770991782 24758.381427776472, 2377.736579461808 24758.0832298632]

==================================================

Initial data
x_reel : [2.858141399227904 1.921876669078818, 9.715442550996517 9.398639041167172, 7.3527851882542095 2.736198020635392, 7.618430504215594 7.821795751675193, 4.393626837045047 7.782449706038673]
Q : [0.0 102.92455465472342 20.86494205383367 57.46939754424935 36.70403185128935, 102.92455465472342 0.0 49.97027016578498 6.883894283960203 30.9337904602439, 20.86494205383367 49.97027016578498 0.0 25.933871715849396 34.221274219966375, 57.46939754424935 6.883894283960203 25.933871715849396 0.0 10.400906803103839, 36.70403185128935 30.9337904602439 34.221274219966375 10.400906803103839 0.0]
Results
Valeur de l'objectif : 7.611329860811197e-16
Positions optimisées :
x_opt = [852.3766323687605 9795.326905054791, 861.0353216888786 9800.613837426781, 856.9210852311195 9794.86550475236, 858.58381868728 9799.678943145844, 855.4740848945111 9800.533614159958]

==================================================

Initial data
x_reel : [8.109036749862472 8.39452753414489, 6.515977776684849 1.8712435349720635, 7.915573442370544 2.4038190097616474, 2.930941400252647 4.956882503917219, 5.791952680023678 3.205115084544612, 8.738468291236051 2.047457788709748]
Q : [0.0 45.09107102588597 35.92601667546376 38.6300748034999 32.29888015876707 40.68147841869404, 45.09107102588597 0.0 2.2425046637535337 22.373653667015056 2.3034256513542903 4.970515550490397, 35.92601667546376 2.2425046637535337 0.0 31.364689800498297 5.1518405417332716 0.8041492521589871, 38.6300748034999 22.373653667015056 31.364689800498297 0.0 11.254074634552437 42.19212076295545, 32.29888015876707 2.3034256513542903 5.1518405417332716 11.254074634552437 0.0 10.02212466171792, 40.68147841869404 4.970515550490397 0.8041492521589871 42.19212076295545 10.02212466171792 0.0]
Results
Valeur de l'objectif : 2.0080545520632936e-20
Positions optimisées :
x_opt = [161.59974609395428 314.9845541633595, 165.69596465287978 320.305462407583, 166.1550658574811 318.8800744787327, 161.04653248195376 321.1751946393497, 164.2022138157393 320.0368845084465, 166.94758764400459 318.4604812590031]

==================================================

Initial data
x_reel : [7.024027462629768 7.975378793084492, 4.842938431121876 9.593985951186069, 4.118278974951815 7.915659970265207, 1.27376679390519 9.396762957362458, 8.974511087468214 2.447036554980684, 7.296528627363104 4.294929974206614]
Q : [0.0 7.377038495621694 8.446940611441628 35.085830700741 34.366954272365554 13.619960393160596, 7.377038495621694 0.0 3.3419094256506616 12.777883085204788 68.14877828658925 34.10009909825275, 8.446940611441628 3.3419094256506616 0.0 10.284915606511033 53.488832388833636 23.210956557410935, 35.085830700741 12.777883085204788 10.284915606511033 0.0 107.6001597428058 62.3023598905742, 34.366954272365554 68.14877828658925 53.488832388833636 107.6001597428058 0.0 6.230335225238894, 13.619960393160596 34.10009909825275 23.210956557410935 62.3023598905742 6.230335225238894 0.0]
Results
Valeur de l'objectif : 1.9970435591647304e-16
Positions optimisées :
x_opt = [470.274842839653 4516.524582671608, 468.07567467671026 4514.930625995289, 467.3699505281109 4516.617001651424, 464.5089488325711 4515.168007205461, 472.28742392220033 4522.030622233395, 470.58874986795223 4520.201731399627]

==================================================

Initial data
x_reel : [2.953368813905628 6.45285951023057, 5.672169634636108 0.8144607000941495, 8.397593560538898 7.828855308892368, 4.044293833942937 9.357217577516595, 3.4361836988026595 1.0032271464317521, 9.69575587322294 0.13066809931501]
Q : [0.0 39.18341904495254 31.532947529789002 9.625413182352816 29.93160311364163 85.429887493904, 39.18341904495254 0.0 56.62966730382089 75.6286746892309 5.035265876507911 16.656818540225625, 31.532947529789002 56.62966730382089 0.0 21.287109733734663 71.20478762830908 60.94731170377359, 9.625413182352816 75.6286746892309 21.287109733734663 0.0 70.15895405911743 117.06823845512483, 29.93160311364163 5.035265876507911 71.20478762830908 70.15895405911743 0.0 39.943603097481905, 85.429887493904 16.656818540225625 60.94731170377359 117.06823845512483 39.943603097481905 0.0]
Results
Valeur de l'objectif : 2.5088614160932074e-22
Positions optimisées :
x_opt = [139.21991270061747 135.53977712063443, 135.86964011534107 130.2521412926578, 133.97045957577538 137.53381559064437, 138.4708493505669 138.55047758397595, 138.11248507551585 130.18205305450277, 131.79406753976784 130.036440756119]

==================================================

Initial data
x_reel : [7.496893735134242 9.327001548804738, 3.821943773861829 6.327076515674586, 9.627007003795052 6.970925817934772, 4.486053476371214 1.4473839839437774, 4.07855759688565 6.833678018604372, 0.9359603654571125 0.030258439802892667]
Q : [0.0 22.50480742225706 10.088475386919283 71.1535320322536 17.90168418030711 129.47527911611618, 22.50480742225706 0.0 34.11330102754368 24.25244090119653 0.3224957369376196 47.9788181142118, 10.088475386919283 34.11330102754368 0.0 56.93891756298021 30.80412777945433 123.70715532362925, 71.1535320322536 24.25244090119653 56.93891756298021 0.0 29.17821631961802 14.611405904016362, 17.90168418030711 0.3224957369376196 30.80412777945433 29.17821631961802 0.0 56.16243532420162, 129.47527911611618 47.9788181142118 123.70715532362925 14.611405904016362 56.16243532420162 0.0]
Results
Valeur de l'objectif : 5.211931503073159e-16
Positions optimisées :
x_opt = [6623.7190900284 423.01564887615, 6619.912377433592 420.1847927080213, 6625.74059913311 420.56575575179164, 6620.355381470084 415.28008187896313, 6620.191613743709 420.67928519508337, 6616.744897228706 414.02476939099887]

==================================================

Initial data
x_reel : [7.613906462118244 8.417196845072478, 7.594904850141205 1.4814697772564522, 7.617020031792048 2.855050785095221, 7.952767217693156 5.5961346175915985, 5.86307344351865 6.8631268802432, 2.7613721929461157 9.420743336043543]
Q : [0.0 48.104671020493626 30.93747848683664 8.073218702988184 5.48054971460304 24.554194393030222, 48.104671020493626 0.0 1.887213866354818 17.058532222400146 31.961473195091983 86.39510258942727, 30.93747848683664 1.887213866354818 0.0 7.626266749613541 19.141002619012564 66.68563460846745, 8.073218702988184 17.058532222400146 7.626266749613541 0.0 5.972089463442715 41.57821415222695, 5.48054971460304 31.961473195091983 19.141002619012564 5.972089463442715 0.0 16.161952582783933, 24.554194393030222 86.39510258942727 66.68563460846745 41.57821415222695 16.161952582783933 0.0]
Results
Valeur de l'objectif : 2.1009355972852065e-10
Positions optimisées :
x_opt = [35458.73129965081 202455.15018988747, 35456.55664128254 202461.73620056786, 35457.004763687735 202460.4375848473, 35458.176180427625 202457.93677575263, 35456.584033474304 202456.08281860247, 35454.43135064545 202452.68754090983]

==================================================

Initial data
x_reel : [6.9673815893632005 6.445922354886612, 6.252725757419697 6.5744253708142, 5.734660038685707 5.892462746949482, 7.704025912770068 0.06205586743178393, 8.684001583551881 2.0884549849720146, 6.353719817792541 6.128135363993779]
Q : [0.0 0.5272459832333478 1.825919959122646 41.296396188856406 21.934306084318784 0.477569341467962, 0.5272459832333478 0.0 0.7334651092758169 44.51722868950535 26.035032445387827 0.20937457041836596, 1.825919959122646 0.7334651092758169 0.0 37.87204632673536 23.169090601458407 0.43877659253231, 41.296396188856406 44.51722868950535 37.87204632673536 0.0 5.0666456988920885 38.620647008743276, 21.934306084318784 26.035032445387827 23.169090601458407 5.0666456988920885 0.0 21.74923067248389, 0.477569341467962 0.20937457041836596 0.43877659253231 38.620647008743276 21.74923067248389 0.0]
Results
Valeur de l'objectif : 7.026863712432953e-20
Positions optimisées :
x_opt = [26.056758591138564 11.63174867427061, 26.774283523260806 11.520375629988063, 27.041865585380243 10.706824802201869, 23.280201322961616 5.8363085766261955, 23.01398835866806 8.071431919161748, 26.533382333237643 11.131349683463416]

==================================================

Initial data
x_reel : [8.52225819097396 6.838915988956281, 7.3658383493012805 5.986799202040776, 9.754614411465973 4.048991465861108, 8.160567426620197 1.1712594552878963, 9.636559755811152 9.901172467129426, 9.520509142508047 8.030972626796174]
Q : [0.0 2.0634098687574687 9.30238069875319 32.25315079265274 10.619082715512006 2.417503990056861, 2.0634098687574687 0.0 9.461349897568821 23.82101735889296 20.47849376442295 8.821251217574492, 9.30238069875319 9.461349897568821 0.0 10.822327314573645 34.26195937332763 15.91097924299564, 32.25315079265274 23.82101735889296 10.822327314573645 0.0 78.38993455015057 48.905106265976144, 10.619082715512006 20.47849376442295 34.26195937332763 78.38993455015057 0.0 3.511115187630546, 2.417503990056861 8.821251217574492 15.91097924299564 48.905106265976144 3.511115187630546 0.0]
Results
Valeur de l'objectif : 2.8376358560295464e-20
Positions optimisées :
x_opt = [139.09008906124927 57.124109485946974, 137.704498512304 57.502987697824416, 139.23589661149913 60.170602692414626, 136.71305567280913 62.28190582381619, 141.23172818735634 54.6680018805985, 140.45043857097562 56.371146537688986]

==================================================

Initial data
x_reel : [7.020281517593609 6.026595733922519, 2.601075163724099 7.193607541347103, 6.465450488324188 7.951575850191539, 1.4287425737885318 2.0141028624430546, 7.6161684633638815 6.397810350687239, 0.21228510868935957 8.026051890431065]
Q : [0.0 20.89130135674904 4.013385919071254 47.36540680376231 0.49288154383920235 50.34664002545308, 20.89130135674904 0.0 15.507912606590537 28.201632420213972 25.784453972753973 6.399281521354695, 4.013385919071254 15.507912606590537 0.0 60.62201209658902 3.738339085529298 39.10762394563335, 47.36540680376231 28.201632420213972 60.62201209658902 0.0 57.501130481475435 37.623299879521475, 0.49288154383920235 25.784453972753973 3.738339085529298 57.501130481475435 0.0 57.4686592413738, 50.34664002545308 6.399281521354695 39.10762394563335 37.623299879521475 57.4686592413738 0.0]
Results
Valeur de l'objectif : 4.903052369454203e-20
Positions optimisées :
x_opt = [345.0243323560188 102.09804496900256, 343.13833840345563 97.93459349604431, 343.0338714337421 101.87121632009708, 348.05060628039337 95.91685795205561, 344.75743250267226 102.74738772296546, 341.92006027103616 95.71759554533966]

==================================================

Initial data
x_reel : [7.332701113866952 4.302628654416145, 5.6084935009433785 7.726015857747814, 8.04405627752102 6.2485866216298716, 3.4680368895552616 0.3807875184766485, 3.619920742674995 9.056479942046405, 7.0742868538249 5.089112009813286]
Q : [0.0 14.692471836398637 4.292778579019887 30.316467462221873 36.38384014961217 0.6853339981098273, 14.692471836398637 0.0 8.114763186386643 58.53393386126736 5.724556294535614 9.101812056603574, 4.292778579019887 8.114763186386643 0.0 55.37101975400429 27.457240129527115 2.2848341105831267, 30.316467462221873 58.53393386126736 55.37101975400429 0.0 75.29070773322417 35.173358320515185, 36.38384014961217 5.724556294535614 27.457240129527115 75.29070773322417 0.0 27.672653539572615, 0.6853339981098273 9.101812056603574 2.2848341105831267 35.173358320515185 27.672653539572615 0.0]
Results
Valeur de l'objectif : 5.355746997964807e-21
Positions optimisées :
x_opt = [71.39534752980632 68.33758642424942, 74.69627426813737 66.38916282949934, 71.84857512601958 66.31586356365409, 72.52728648306886 73.72601677717475, 77.08846238636806 66.34452762440688, 72.03783944415241 67.81553457039749]

==================================================

Initial data
x_reel : [1.9380556231330692 6.19139697697551, 1.9681526827237528 5.193750305967222, 6.31025761202201 1.208283632635433, 1.2518359540224766 5.297130000467715, 7.126722942147773 4.875862831235034, 0.5816238318484546 5.924315787990975]
Q : [0.0 0.9962047131699254 43.947568834184565 1.2706108595466454 28.652898636020364 1.9112395659169816, 0.9962047131699254 0.0 34.737819821274584 0.523797017052313 26.71189956800561 2.456188177834173, 43.947568834184565 34.737819821274584 0.0 42.306294289853994 14.117752813297868 55.058204277693, 1.2706108595466454 0.523797017052313 42.306294289853994 0.0 34.69176315111723 0.8425463007801779, 28.652898636020364 26.71189956800561 14.117752813297868 34.69176315111723 0.0 43.93757596617121, 1.9112395659169816 2.456188177834173 55.058204277693 0.8425463007801779 43.93757596617121 0.0]
Results
Valeur de l'objectif : 6.961102855085835e-23
Positions optimisées :
x_opt = [13.607782100514019 16.59898207737199, 13.700344983640802 15.605182889488912, 9.880162688629058 11.116973106718486, 14.39856031784453 15.79568843831932, 8.61977897703951 14.65663208928392, 14.986737404546782 16.500382709232984]

==================================================

Initial data
x_reel : [2.4606326818846425 4.560242809278292, 2.2530733429721495 4.369247846842221, 4.216049334631227 3.3167482521126024, 3.223916389156444 6.329711933133906, 2.2979889713721082 7.8867765264662415, 8.961935508657346 3.4968496601969354, 3.0153755019246353 4.816152675588604]
Q : [0.0 0.07955995484574738 4.627766338440717 3.7136229980649382 11.092279548157562 43.39774343491591 0.3732294560608858, 0.07955995484574738 0.0 4.961030140735948 4.785955653963891 12.375025425652069 45.769910154224256 0.7808285075004553, 4.627766338440717 4.961030140735948 0.0 10.06227792464991 24.564113985497404 22.555872094006236 3.6898312776857374, 3.7136229980649382 4.785955653963891 10.06227792464991 0.0 3.2817917308139597 40.949972073187524 2.3343509277485137, 11.092279548157562 12.375025425652069 24.564113985497404 3.2817917308139597 0.0 63.67964134298896 9.9433742677968, 43.39774343491591 45.769910154224256 22.555872094006236 40.949972073187524 63.67964134298896 0.0 37.10213636009448, 0.3732294560608858 0.7808285075004553 3.6898312776857374 2.3343509277485137 9.9433742677968 37.10213636009448 0.0]
Results
Valeur de l'objectif : 5.3034637732350276e-15
Positions optimisées :
x_opt = [819.3665530789856 14560.744561989351, 819.6271972943852 14560.636744797966, 818.1468539473144 14558.97252915296, 818.0405068226798 14562.142855351563, 818.3734685191442 14563.923565387258, 813.6293352124704 14557.50695876908, 818.7576105387435 14560.793739642428]

==================================================

Initial data
x_reel : [3.8174517352005912 9.577146176904337, 8.89885903362712 0.9172882648759528, 6.851171404908766 2.1485067920492593, 3.584729017137962 0.1048089812839581, 8.130268240830258 9.826089279071356, 1.9410692926512751 5.850837538680489, 5.33987359655126 8.791687708789572]
Q : [0.0 100.813839189023 64.38813814459431 89.77933181103583 18.66235887934823 17.40618713800901 2.9347133290516276, 100.813839189023 0.0 5.708923686461003 28.90010041841723 79.95746731730115 72.75074651668598 74.67254394362517, 64.38813814459431 5.708923686461003 0.0 14.846346614352715 60.58136156069277 37.81635571024643 46.415873758088864, 89.77933181103583 28.90010041841723 14.846346614352715 0.0 115.16521746227461 35.71846147231611 78.54239452103344, 18.66235887934823 79.95746731730115 60.58136156069277 115.16521746227461 0.0 54.10881001962044 8.856288879422337, 17.40618713800901 72.75074651668598 37.81635571024643 35.71846147231611 54.10881001962044 0.0 20.200470419239682, 2.9347133290516276 74.67254394362517 46.415873758088864 78.54239452103344 8.856288879422337 20.200470419239682 0.0]
Results
Valeur de l'objectif : 5.46816635520624e-20
Positions optimisées :
x_opt = [380.3105996949946 601.4863095978503, 389.14928321952334 606.2498705287373, 387.84451234292754 604.2482470261632, 389.7682367678107 600.9097397322596, 380.2184465412943 605.8053218316425, 383.966306899349 599.4758390126298, 381.1508288280763 602.9792022038276]

==================================================

Initial data
x_reel : [9.10799259788517 7.406348885704221, 1.963073676319378 3.754265384268299, 8.986249631286032 8.481029169031777, 1.6208468431404421 0.7010656600489951, 5.548377183020833 3.3471216631293697, 9.038899051393004 0.41061890938782986, 5.6163432210561846 2.9983707788013305]
Q : [0.0 64.38758029720934 1.1697590612893547 101.01817468904534 29.14818754623255 48.945011819698585 31.62188636164543, 64.38758029720934 0.0 71.66729637137334 9.439147761320518 13.020167244828603 61.247276487516416 13.91775502107554, 1.1697590612893547 71.66729637137334 0.0 114.7769904327265 38.17597324970203 65.13429372040387 41.415812237672526, 101.01817468904534 9.439147761320518 114.7769904327265 0.0 22.427106942118662 55.111857879330344 21.2416021145835, 29.14818754623255 13.020167244828603 38.17597324970203 22.427106942118662 0.0 20.806791336316003 0.12624656164581224, 48.945011819698585 61.247276487516416 65.13429372040387 55.111857879330344 20.806791336316003 0.0 18.410348149425626, 31.62188636164543 13.91775502107554 41.415812237672526 21.2416021145835 0.12624656164581224 18.410348149425626 0.0]
Results
Valeur de l'objectif : 1.9201200310356112e-21
Positions optimisées :
x_opt = [212.61712058460822 136.28827606386488, 219.55904470197524 132.2636928747732, 212.79548944126736 137.3550204626141, 219.73943401962384 129.19667356355237, 215.95723441419764 132.0465986655204, 212.31639863035872 129.29867105886373, 215.8709321427919 131.70192711230396]

==================================================

Initial data
x_reel : [5.575549376670564 5.109696845466155, 4.266358899158293 1.4129069218517798, 9.015605899076432 8.32350099249953, 8.871509487241468 7.8854235351049775, 6.642338849051262 7.2931206045851695, 7.919407557594763 9.24265038928225, 2.5922952650234765 2.906608356404355]
Q : [0.0 15.380235445745587 22.162525972836075 18.568011706047862 5.9053790902676955 22.574976167627312 13.753403985295858, 15.380235445745587 0.0 70.3116574755033 63.10088324776146 40.222193676898364 74.6496472666746 5.033633026717091, 22.162525972836075 70.3116574755033 0.0 0.21267563458098804 6.694080234533722 2.046486417473199 70.60164533251992, 18.568011706047862 63.10088324776146 0.21267563458098804 0.0 5.320024495671684 2.7485628181369153 64.2171318321644, 5.9053790902676955 40.222193676898364 6.694080234533722 5.320024495671684 0.0 5.431570867762011 35.644342735964926, 22.574976167627312 74.6496472666746 2.046486417473199 2.7485628181369153 5.431570867762011 0.0 68.52355402005955, 13.753403985295858 5.033633026717091 70.60164533251992 64.2171318321644 35.644342735964926 68.52355402005955 0.0]
Results
Valeur de l'objectif : 6.075146142205193e-21
Positions optimisées :
x_opt = [310.76828479701203 307.1241635009665, 310.7081811992738 303.20285976327017, 313.0019191286914 311.26824405582965, 313.00526382349636 310.80708849899634, 311.08195975135834 309.5339326005459, 311.66959566542124 311.78920528921697, 308.6447714388933 304.08375316629315]

==================================================

Initial data
x_reel : [2.41630508049043 2.437005939832976, 0.1079966265198884 7.536413416113637, 5.448900514170943 8.232285242223599, 5.226162698935272 8.369917047985377, 7.853011329292155 7.7982374366211875, 3.6977798419990293 9.130601072245318, 2.577346824542367 8.948329918159617]
